1 0.5348557692307693 0.30288461538461536 0.15144230769230768 0.18269230769230768
4 0.19230769230769232 0.3245192307692308 0.10096153846153846 0.11538461538461539
2 0.6670673076923077 0.4014423076923077 0.12740384615384615 0.17307692307692307
1 0.5120192307692307 0.40384615384615385 0.1778846153846154 0.14423076923076922
3 0.390625 0.4375 0.3004807692307692 0.21153846153846154
1 0.14903846153846154 0.4423076923076923 0.24519230769230768 0.15865384615384615
2 0.8161057692307693 0.5360576923076923 0.15144230769230768 0.10576923076923077
7 0.22235576923076922 0.6033653846153846 0.3629807692307692 0.16826923076923078
0 0.5625 0.671875 0.3942307692307692 0.3293269230769231
1 0.5084134615384616 0.17307692307692307 0.18509615384615385 0.16346153846153846
2 0.6923076923076923 0.20673076923076922 0.14903846153846154 0.20192307692307693