1 0.5685096153846154 0.27283653846153844 0.16105769230769232 0.18990384615384615
4 0.29086538461538464 0.31490384615384615 0.2548076923076923 0.09134615384615384
2 0.7175480769230769 0.3485576923076923 0.12740384615384615 0.1778846153846154
1 0.5733173076923077 0.4170673076923077 0.16105769230769232 0.15625
1 0.1346153846153846 0.4182692307692308 0.13942307692307693 0.16346153846153846
3 0.36538461538461536 0.4387019230769231 0.3557692307692308 0.19951923076923078
2 0.8834134615384616 0.5036057692307693 0.18028846153846154 0.0985576923076923
7 0.2668269230769231 0.5793269230769231 0.3557692307692308 0.1778846153846154
0 0.6081730769230769 0.6802884615384616 0.22596153846153846 0.39903846153846156
1 0.5625 0.15625 0.20673076923076922 0.15384615384615385
2 0.7764423076923077 0.18990384615384615 0.1346153846153846 0.18269230769230768