1 0.5504807692307693 0.30649038461538464 0.13942307692307693 0.2091346153846154
4 0.18990384615384615 0.33413461538461536 0.125 0.11057692307692307
2 0.6610576923076923 0.37740384615384615 0.1201923076923077 0.14423076923076922
3 0.3894230769230769 0.4338942307692308 0.27884615384615385 0.2091346153846154
1 0.5504807692307693 0.4387019230769231 0.14903846153846154 0.1466346153846154
1 0.1466346153846154 0.4483173076923077 0.25961538461538464 0.15144230769230768
2 0.8245192307692307 0.5372596153846154 0.12980769230769232 0.1466346153846154
7 0.23076923076923078 0.6129807692307693 0.3605769230769231 0.16346153846153846
0 0.5661057692307693 0.6875 0.2860576923076923 0.3701923076923077
1 0.5048076923076923 0.17908653846153846 0.1778846153846154 0.16105769230769232
2 0.7247596153846154 0.20793269230769232 0.13701923076923078 0.18990384615384615