1 0.5709134615384616 0.2824519230769231 0.1466346153846154 0.18509615384615385
4 0.31009615384615385 0.31850961538461536 0.23076923076923078 0.10817307692307693
2 0.7319711538461539 0.35697115384615385 0.11298076923076923 0.14182692307692307
1 0.5841346153846154 0.3942307692307692 0.14423076923076922 0.14903846153846154
1 0.13701923076923078 0.4182692307692308 0.13942307692307693 0.18269230769230768
3 0.38461538461538464 0.4362980769230769 0.3605769230769231 0.20432692307692307
2 0.8762019230769231 0.5 0.15625 0.09615384615384616
7 0.27524038461538464 0.5853365384615384 0.3629807692307692 0.1658653846153846
0 0.5661057692307693 0.6754807692307693 0.43509615384615385 0.34134615384615385
1 0.5612980769230769 0.15264423076923078 0.20432692307692307 0.1658653846153846
2 0.7560096153846154 0.1778846153846154 0.15144230769230768 0.20192307692307693