5 0.5865384615384616 0.5 0.14423076923076922 0.30288461538461536
5 0.9158653846153846 0.5036057692307693 0.14903846153846154 0.3004807692307692
1 0.2512019230769231 0.5048076923076923 0.13701923076923078 0.2932692307692308
5 0.7475961538461539 0.5060096153846154 0.15384615384615385 0.3004807692307692
1 0.4230769230769231 0.5084134615384616 0.13942307692307693 0.31009615384615385
1 0.08173076923076923 0.5084134615384616 0.13942307692307693 0.31009615384615385
7 0.24639423076923078 0.8269230769230769 0.13701923076923078 0.2932692307692308
7 0.08052884615384616 0.828125 0.14182692307692307 0.2956730769230769
7 0.4098557692307692 0.8317307692307693 0.13701923076923078 0.2932692307692308
5 0.5829326923076923 0.8353365384615384 0.1466346153846154 0.2956730769230769
5 0.7439903846153846 0.8377403846153846 0.14182692307692307 0.3004807692307692
5 0.9146634615384616 0.8377403846153846 0.1466346153846154 0.3004807692307692
5 0.5829326923076923 0.15504807692307693 0.15144230769230768 0.30528846153846156
5 0.9158653846153846 0.15985576923076922 0.14423076923076922 0.30528846153846156
5 0.7475961538461539 0.16105769230769232 0.14903846153846154 0.3076923076923077
0 0.25600961538461536 0.18389423076923078 0.13221153846153846 0.2764423076923077
0 0.42908653846153844 0.18990384615384615 0.13221153846153846 0.27884615384615385
0 0.08052884615384616 0.19110576923076922 0.13701923076923078 0.28125